module,frac,noise
304152580,0.001153,0.0002686
304152584,0.001297,0.0002587
304152588,0.001573,0.0002569
304152592,0.001909,0.0002563
304152596,0.001926,0.0002543
304152600,0.001604,0.0002512
304152604,0.001317,0.000246
304152608,0.001159,0.0002427
304156676,0.0011,0.0002259
304156680,0.001237,0.0002255
304156684,0.001473,0.000221
304156688,0.001784,0.0002208
304156692,0.001803,0.0002229
304156696,0.001516,0.0002176
304156700,0.001254,0.0002114
304156704,0.001106,0.0002096
304160772,0.001158,0.0002274
304160776,0.001303,0.0002385
304160780,0.001583,0.0002321
304160784,0.001921,0.0002243
304160788,0.001941,0.0002271
304160792,0.001616,0.0002235
304160796,0.001324,0.0002206
304160800,0.001166,0.00022
304164868,0.00112,0.0002125
304164872,0.001253,0.0002137
304164876,0.001504,0.0002086
304164880,0.001804,0.0002163
304164884,0.001816,0.0002156
304164888,0.00153,0.0002082
304164892,0.001268,0.0002002
304164896,0.001119,0.0001976
304168964,0.001174,0.0002309
304168968,0.001386,0.0002294
304168972,0.0008063,0.0001142
304168976,0.001943,0.0002249
304168980,0.001959,0.0002266
304168984,0.001634,0.000224
304168988,0.00134,0.0002161
304168992,0.00118,0.0002124
304173060,0.001065,0.0001955
304173064,0.001197,0.0001939
304173068,0.0007205,0.0001005
304173072,0.001709,0.0001977
304173076,0.001725,0.000199
304173080,0.00197,0.02603
304173084,0.001218,0.0001895
304173088,0.001075,0.0001861
304177156,0.001166,0.0002257
304177160,0.001312,0.00022
304177164,0.001595,0.0002231
304177168,0.00183,0.0002127
304177172,0.001954,0.0002259
304177176,0.001627,0.0002212
304177180,0.001326,0.000216
304177184,0.00117,0.0002124
304181256,0.001255,0.000209
304181260,0.001508,0.0002111
304181264,0.00181,0.0002098
304181268,0.001824,0.000215
304181272,0.001532,0.0002096
304181276,0.001268,0.0002041
304181280,0.001125,0.0002031
304185348,0.001174,0.0002176
304185352,0.001317,0.0002251
304185356,0.0016,0.0002259
304185360,0.001952,0.0002208
304185364,0.001954,0.0002169
304185368,0.001633,0.0002115
304185372,0.001341,0.0002096
304185376,0.001179,0.0002044
304189448,0.001246,0.0002101
304189452,0.001503,0.0002059
304189456,0.00181,0.0002107
304189460,0.001822,0.0002076
304189464,0.001534,0.0002022
304189468,0.001262,0.0001968
304189472,0.0007202,0.0001161
304193540,0.001164,0.0002334
304193544,0.001307,0.000228
304193548,0.001585,0.0002278
304193552,0.001926,0.0002264
304193556,0.00195,0.0002291
304193560,0.001622,0.0002254
304193564,0.001324,0.000226
304193568,0.001167,0.0002182
304197636,0.001104,0.000221
304197640,0.00124,0.0002239
304197644,0.001488,0.0002274
304197648,0.00179,0.0002305
304197652,0.001816,0.0002315
304197656,0.001526,0.000229
304197660,0.00126,0.000228
304197664,0.001111,0.00022
304201732,0.001165,0.0002593
304201736,0.001305,0.000266
304201740,0.001585,0.0002662
304201744,0.001929,0.0002713
304201748,0.001886,0.000276
304201752,0.00162,0.0002661
304201756,0.001327,0.0002675
304201760,0.001171,0.0002615
305201160,0.0007561,0.0001034
305201168,0.0008939,0.0007271
305201172,0.0008918,9.678e-05
305201176,0.0008156,9.733e-05
305201180,0.0007251,9.865e-05
305201184,0.000657,9.455e-05
305205252,0.0006303,9.907e-05
305205256,0.0006916,9.799e-05
305205260,0.0007796,9.782e-05
305205264,0.0008558,9.789e-05
305205268,0.0008579,9.791e-05
305205272,0.0007377,9.511e-05
305205276,0.0006997,9.527e-05
305205280,0.0006347,9.551e-05
305209348,0.0006527,0.0001012
305209352,0.0007155,0.0001003
305209356,0.000803,0.0001021
305209360,0.0008906,9.803e-05
305209364,0.0008887,0.0001174
305209368,0.0008121,9.814e-05
305209372,0.0007221,9.643e-05
305209376,0.0006576,9.704e-05
305213444,0.0006325,9.482e-05
305213448,0.0006919,0.0001004
305213452,0.0007768,9.983e-05
305213456,0.0008586,9.815e-05
305213460,0.0008578,0.000101
305213464,0.0007868,9.643e-05
305213468,0.0006974,9.743e-05
305213472,0.0006341,9.652e-05
305217540,0.0006513,0.000103
305217548,0.0008048,9.782e-05
305217552,0.0008888,0.0001001
305217556,0.0008943,0.0001006
305217560,0.0008132,0.0001008
305217564,0.0007225,9.919e-05
305217568,0.0006561,9.988e-05
305221636,0.0006316,9.83e-05
305221640,0.0006918,0.0001005
305221644,0.0007782,9.84e-05
305221648,0.000857,9.753e-05
305221652,0.00086,9.801e-05
305221656,0.000784,0.0001001
305221660,0.0007007,9.667e-05
305221664,0.0006351,9.904e-05
305225732,0.0006479,0.000106
305225736,0.0007095,0.0001033
305225740,0.0008032,9.955e-05
305225744,0.0008908,0.000103
305225748,0.0008938,0.000102
305225752,0.0008127,0.0001021
305225756,0.0007218,0.0001043
305225760,0.0006546,0.0001019
305229828,0.0006369,0.0001024
305229832,0.0006966,0.0001013
305229836,0.00078,0.0001001
305229840,0.0008597,0.000101
305229844,0.0008594,0.0001016
305229848,0.0007877,0.0001012
305229852,0.000699,0.0001009
305229856,0.0006358,9.838e-05
305233924,0.0006555,0.0001021
305233932,0.0008096,0.0001005
305233936,0.000894,0.0001015
305233940,0.0008958,9.868e-05
305233944,0.0008168,0.0001014
305233948,0.0007242,9.665e-05
305233952,0.0006583,9.772e-05
305238020,0.0006346,0.0001038
305238024,0.0006952,0.000102
305238028,0.0007806,0.0001039
305238032,0.0008606,0.0001029
305238036,0.00086,9.998e-05
305238040,0.000789,9.714e-05
305238044,0.0007034,9.924e-05
305238048,0.0006387,9.839e-05
305242116,0.0006567,0.0001004
305242120,0.0007198,0.0001018
305242124,0.0008131,0.0001023
305242128,0.0008926,0.000103
305242132,0.0008972,0.0001003
305242136,0.0008178,0.0001015
305242140,0.000726,9.982e-05
305242144,0.0006587,9.897e-05
305246212,0.0006399,0.0001013
305246216,0.0007015,0.0001019
305246220,0.000786,9.727e-05
305246224,0.0008648,0.000102
305246228,0.0008631,9.921e-05
305246232,0.0007907,9.783e-05
305246240,0.0006421,9.638e-05
305250308,0.0006605,0.0001006
305250312,0.000675,9.195e-05
305250316,0.0008141,9.776e-05
305250320,0.0009014,0.0001014
305250324,0.0009019,9.986e-05
305250328,0.0008215,9.686e-05
305250332,0.0007269,9.737e-05
305250336,0.0006623,9.539e-05
305254404,0.0006384,0.0001049
305254408,0.0007015,9.767e-05
305254412,0.0007874,0.0001019
305254416,0.000868,9.889e-05
305254420,0.0008668,9.738e-05
305254424,0.0007951,0.0001021
305254428,0.0007056,9.813e-05
305254432,0.000643,9.675e-05
305258500,0.0006229,9.856e-05
305258504,0.0007258,0.0001019
305258508,0.0008171,0.0001035
305258512,0.0009055,0.0001029
305258516,0.000907,0.0001038
305258520,0.0008269,0.0001021
305258524,0.0007325,0.0001001
305258528,0.0006648,0.0001024
305262596,0.0006426,0.0001083
305262600,0.000704,0.0001094
305262604,0.0007934,0.0001036
305262608,0.0008724,0.0001089
305262612,0.0008725,0.0001049
305262616,0.0008001,0.00011
305262620,0.0007116,0.0001052
305262624,0.0006446,0.0001006
305266692,0.0006648,0.0001157
305266696,0.0007284,0.0001141
305266700,0.0008243,0.0001103
305266704,0.0009103,0.0001124
305266708,0.0009123,0.0001131
305266712,0.0008317,0.0001161
305266716,0.0007365,0.00011
305266720,0.000668,0.0001099
305270788,0.0006265,0.0001107
305270792,0.0006855,0.0001086
305270796,0.0007235,0.0001027
305270800,0.0008431,0.00011
305270804,0.0008423,0.000107
305270808,0.0007752,0.0001094
305270812,0.0006895,0.0001083
305270816,0.0006303,0.0001106
305274884,0.0006619,0.0001172
305274888,0.0007263,0.0001161
305274892,0.0008212,0.0001129
305274896,0.0009055,0.0001128
305274900,0.0009115,0.0001133
305274904,0.0008299,0.0001139
305274908,0.0007366,0.0001148
305274912,0.0006679,0.0001137
305278980,0.0006402,0.0001089
305278984,0.000704,0.0001095
305278988,0.0007924,0.0001112
305278992,0.000872,0.0001088
305278996,0.0008762,0.0001072
305279000,0.0007995,0.0001053
305279004,0.0007114,0.0001072
305279008,0.000649,0.0001055
305283092,0.0009085,0.0001026
305283096,0.0008276,0.0001035
305283100,0.0007346,0.000101
305283104,0.0006689,0.0001037
305287188,0.0008725,9.941e-05
305287192,0.0007978,9.99e-05
305287196,0.0007086,9.947e-05
305287200,0.0006438,9.631e-05
305291284,0.0009042,9.963e-05
305291288,0.0008254,9.529e-05
305291296,0.000663,9.506e-05
305295364,0.0006392,9.845e-05
305295368,0.0006992,0.0001008
305295372,0.0007853,0.0001001
305295376,0.0008692,9.989e-05
305295380,0.0008728,9.717e-05
305295384,0.0007964,9.86e-05
305295388,0.0007088,9.748e-05
305295392,0.0006441,9.36e-05
305299460,0.0006589,9.906e-05
305299464,0.0007219,9.758e-05
305299468,6.555e-06,7.238e-06
305299472,0.0009026,9.841e-05
305299476,0.0009056,9.894e-05
305299480,0.0008255,9.691e-05
305299484,0.0007318,9.808e-05
305299488,0.0006645,9.263e-05
305303556,0.0006371,9.739e-05
305303560,0.0006971,9.92e-05
305303564,0.000785,0.0001005
305303568,0.0008678,0.000101
305303572,0.0008688,0.0001026
305303576,0.0007956,9.886e-05
305303580,0.0007078,9.679e-05
305303584,0.000642,9.753e-05
305307652,0.000656,9.906e-05
305307656,0.0007179,0.0001006
305307660,0.000814,9.854e-05
305307664,0.0008979,9.774e-05
305307668,0.0008968,9.673e-05
305307672,0.0008241,9.899e-05
305307676,0.0007314,9.782e-05
305307680,0.000665,9.819e-05
305311748,0.000638,0.000105
305311752,0.0006997,0.0001023
305311756,0.0007855,0.0001029
305311760,0.0008678,0.0001046
305311764,0.0008703,0.0001013
305311768,0.0003987,5.157e-05
305311772,0.0007079,9.981e-05
305311776,0.0006408,0.0001001
305315844,0.0006566,0.0001046
305315848,0.0007207,0.0001057
305315852,0.0008105,0.0001066
305315856,0.0008981,0.0001011
305315860,0.0009017,0.0001053
305315864,0.0008218,0.0001033
305315868,0.0007296,0.0001026
305315872,0.0006626,0.0001023
306249732,0.0003807,6.488e-05
306249736,0.0004052,6.618e-05
306249740,0.0004314,6.116e-05
306249744,0.0004576,6.493e-05
306249748,0.0004549,6.272e-05
306249752,0.0004315,6.177e-05
306249756,0.0002565,4.361e-05
306249760,0.0003825,0.0001202
306253828,0.0003957,6.458e-05
306253832,0.0004219,6.558e-05
306253836,0.0004529,6.581e-05
306253840,0.0004785,6.5e-05
306253844,0.0004783,6.599e-05
306253848,0.0004554,6.259e-05
306253852,0.0004247,6.121e-05
306253856,0.000397,6.37e-05
306257924,0.0003877,6.6e-05
306257928,0.0004138,6.503e-05
306257932,0.0004433,6.549e-05
306257936,0.0004671,6.453e-05
306257940,0.0004633,6.56e-05
306257944,0.0004439,6.444e-05
306257948,0.0004157,6.505e-05
306257952,0.0003884,6.518e-05
306262020,0.0003956,6.731e-05
306262024,0.0004212,6.42e-05
306262028,0.0004535,6.154e-05
306262032,0.0004771,6.431e-05
306262036,0.0004794,6.71e-05
306262040,0.0004548,6.723e-05
306262044,0.000424,6.542e-05
306262048,0.0003971,6.481e-05
306266116,0.0003875,6.879e-05
306266120,0.0004124,6.488e-05
306266124,0.0004427,6.383e-05
306266128,0.0004655,6.565e-05
306266132,0.0004638,6.621e-05
306266136,0.0004429,6.364e-05
306266140,0.0004148,6.44e-05
306266144,0.0003889,6.475e-05
306270212,0.0003961,6.506e-05
306270216,0.0004219,6.454e-05
306270220,0.0004527,6.699e-05
306270224,0.0004776,6.783e-05
306270228,0.0004767,6.557e-05
306270232,0.000455,6.56e-05
306270236,0.0004244,6.598e-05
306270240,0.0003977,6.628e-05
306274308,0.0003855,6.667e-05
306274312,0.0004135,6.634e-05
306274316,0.00044,6.693e-05
306274320,0.0004634,6.417e-05
306274324,0.0004624,6.522e-05
306274328,0.0004432,6.755e-05
306274332,0.0004151,6.823e-05
306274336,0.0003879,6.649e-05
306278404,0.0003961,6.56e-05
306278408,0.0004201,6.479e-05
306278412,0.0004213,6.112e-05
306278416,0.000475,6.527e-05
306278420,0.0004742,6.694e-05
306278424,0.0004545,6.64e-05
306278432,0.0003969,6.624e-05
306282500,0.0003875,6.552e-05
306282504,0.0004127,6.507e-05
306282508,0.0004406,6.359e-05
306282512,0.0004643,6.439e-05
306282516,0.0004649,6.27e-05
306282520,0.0004432,6.567e-05
306282524,0.0004146,6.488e-05
306282528,0.0003876,6.361e-05
306286596,0.0003948,6.531e-05
306286600,0.0004223,6.498e-05
306286604,0.000453,6.591e-05
306286608,0.000475,6.651e-05
306286612,0.0004756,6.431e-05
306286616,0.0004536,6.392e-05
306286620,0.0004233,6.434e-05
306286624,0.0003979,6.484e-05
306290692,0.0003873,6.342e-05
306290696,0.0004106,6.563e-05
306290700,0.0004407,6.612e-05
306290704,0.0004643,6.199e-05
306290708,0.0004156,6.36e-05
306290712,0.0004428,6.315e-05
306290716,0.0004147,6.432e-05
306290720,0.0003871,6.416e-05
306294788,0.0003973,6.62e-05
306294792,0.0004217,6.546e-05
306294796,0.0004503,6.499e-05
306294800,0.0004737,6.435e-05
306294804,0.0004766,6.324e-05
306294808,0.0004539,6.575e-05
306294812,0.000423,6.507e-05
306294816,0.000396,6.467e-05
306298884,0.0003857,6.524e-05
306298888,0.0004094,6.281e-05
306298892,0.0004398,6.276e-05
306298896,0.0004631,6.3e-05
306298900,0.0004635,6.506e-05
306298904,0.0004422,6.466e-05
306298908,0.0004141,6.535e-05
306298912,0.0003886,6.534e-05
306302980,0.0003951,6.705e-05
306302984,0.0004206,6.63e-05
306302988,0.0004504,6.675e-05
306302992,0.0004729,6.432e-05
306302996,0.000474,6.267e-05
306303000,0.0004521,6.584e-05
306303004,0.0004226,6.491e-05
306303008,0.0003977,6.492e-05
306307076,0.0003859,6.345e-05
306307080,0.000412,6.478e-05
306307084,0.0004413,6.487e-05
306307088,0.0004638,6.308e-05
306307092,0.0004652,6.367e-05
306307096,0.0004419,6.359e-05
306307100,0.0004135,6.55e-05
306307104,0.0003886,6.553e-05
306311172,0.0003911,6.535e-05
306311176,0.0004228,6.438e-05
306311180,0.0004492,6.58e-05
306311184,0.0004744,6.508e-05
306311192,0.000455,6.366e-05
306311196,0.0004252,6.714e-05
306311200,0.0003961,6.881e-05
306315268,0.0003851,6.884e-05
306315272,0.0004107,6.458e-05
306315276,0.00044,6.572e-05
306315280,0.0004615,6.528e-05
306315284,0.0004648,6.609e-05
306315288,0.0004424,6.408e-05
306315292,0.0003923,6.302e-05
306315296,0.0003885,6.572e-05
306319364,0.0003956,6.446e-05
306319368,0.0004224,6.483e-05
306319372,0.0004528,6.301e-05
306319376,0.000476,6.646e-05
306319380,0.0004755,6.592e-05
306319384,0.0004546,6.773e-05
306319388,0.0004264,6.449e-05
306319392,0.0003966,6.574e-05
306323460,0.0003891,6.759e-05
306323464,0.0004139,6.793e-05
306323468,0.0004414,6.679e-05
306323472,0.0004657,6.68e-05
306323476,0.0004646,6.765e-05
306323480,0.0004446,6.446e-05
306323484,0.0004166,6.755e-05
306323488,0.0003887,6.46e-05
306327556,0.0003976,6.767e-05
306327560,0.0004221,6.663e-05
306327564,0.0004533,6.525e-05
306327568,0.000477,6.446e-05
306327572,0.0004761,6.425e-05
306327576,0.0004543,6.516e-05
306327580,0.0004011,6.131e-05
306327584,0.0003983,6.46e-05
306331652,0.0003888,6.49e-05
306331656,0.0004153,6.319e-05
306331660,0.0004414,6.651e-05
306331664,0.0004659,6.42e-05
306331668,0.0004653,6.77e-05
306331672,0.000445,6.731e-05
306331676,0.0004158,6.467e-05
306331680,0.0003889,6.571e-05
306335748,0.0003988,6.748e-05
306335752,0.000425,6.511e-05
306335756,0.0004486,5.781e-05
306335760,0.0004809,6.932e-05
306335764,0.0004756,6.646e-05
306335768,0.0004551,6.492e-05
306335772,0.0004254,6.598e-05
306335776,0.0003998,6.72e-05
306339844,0.0003895,6.816e-05
306339848,0.0004147,6.786e-05
306339852,0.0004424,6.672e-05
306339856,0.0004673,6.738e-05
306339860,0.0004646,6.572e-05
306339864,0.0004445,6.456e-05
306339868,0.000418,6.753e-05
306339872,0.0003907,6.809e-05
306343940,0.0004005,6.933e-05
306343944,0.0004247,6.754e-05
306343952,0.0004818,6.701e-05
306343956,0.0004796,6.535e-05
306343960,0.0004555,6.588e-05
306343964,0.0004282,7.006e-05
306343968,0.0003999,6.505e-05
306348036,0.0003918,6.836e-05
306348040,0.0004158,6.684e-05
306348044,0.0004464,6.526e-05
306348048,0.0004694,6.741e-05
306348052,0.0004662,6.466e-05
306348056,0.0004463,6.683e-05
306348060,0.0004169,6.652e-05
306348064,0.0003895,6.753e-05
306352132,0.0004005,6.903e-05
306352136,0.0004268,6.617e-05
306352140,0.0004568,6.516e-05
306352144,0.00048,6.655e-05
306352148,0.0004787,6.488e-05
306352152,0.0004555,6.607e-05
306352156,0.0004275,6.529e-05
306352160,0.0004001,6.578e-05
306356228,0.0003895,6.621e-05
306356232,0.0004165,6.533e-05
306356236,0.0004464,8.389e-05
306356240,0.0004681,6.543e-05
306356244,0.0004673,6.329e-05
306356248,0.0004461,6.532e-05
306356252,0.0004172,6.49e-05
306356256,0.0003913,6.451e-05
306360328,0.000426,6.479e-05
306360332,0.0004578,6.166e-05
306360336,0.0004826,6.6e-05
306360340,0.0004815,0.0001279
306360344,0.0004578,6.329e-05
306360348,0.0004284,6.547e-05
306360352,0.0003993,6.334e-05
306364420,0.0003913,6.523e-05
306364424,0.0004154,6.605e-05
306364428,0.0004454,6.583e-05
306364432,0.0004681,6.538e-05
306364436,0.0004101,5.533e-05
306364440,0.0004463,6.296e-05
306364444,0.0004182,6.432e-05
306368516,0.0003987,6.744e-05
306368520,0.0004259,6.22e-05
306368524,0.0004578,6.329e-05
306368528,0.0004832,6.548e-05
306368532,0.0004808,6.34e-05
306368536,0.0004595,6.466e-05
306368540,0.0004285,6.493e-05
306368544,0.0004009,6.54e-05
306372612,0.0003915,6.501e-05
306372616,0.0004172,6.463e-05
306372620,0.0004469,6.527e-05
306372624,0.0004709,6.347e-05
306372628,0.0004706,6.372e-05
306372632,0.0004489,6.249e-05
306372636,0.0004188,6.214e-05
306372640,0.0003913,6.367e-05
306376708,0.0004001,6.5e-05
306376712,0.0004281,6.415e-05
306376716,0.0004598,6.394e-05
306376720,0.0004849,6.46e-05
306376724,0.0004842,6.41e-05
306376728,0.0004618,6.52e-05
306376732,0.0004321,6.462e-05
306376736,0.0004004,6.623e-05
306380804,0.0003829,6.338e-05
306380808,0.0004094,6.368e-05
306380812,0.0004389,6.325e-05
306380816,0.0004637,6.295e-05
306380820,0.0004603,6.517e-05
306380824,0.0004402,6.548e-05
306380828,0.0004126,6.51e-05
306380832,0.0003844,6.704e-05
306384900,0.0003991,6.45e-05
306384904,0.0004285,6.404e-05
306384908,0.0004593,6.338e-05
306384912,0.0004826,6.354e-05
306384916,0.0004822,6.472e-05
306384920,0.0004611,6.304e-05
306384924,0.0004312,6.352e-05
306384928,0.0004015,6.589e-05
306388996,0.0003914,6.631e-05
306389000,0.0004184,6.384e-05
306389004,0.0004464,6.441e-05
306389008,0.0004714,6.47e-05
306389012,0.0004699,6.302e-05
306389016,0.0004496,6.393e-05
306389020,0.0004224,6.445e-05
306389024,0.0003921,6.412e-05
306393092,0.0003986,6.642e-05
306393096,0.0004271,6.544e-05
306393100,0.0004573,6.66e-05
306393104,0.0004831,6.404e-05
306393108,0.0004824,6.611e-05
306393112,0.0004602,6.581e-05
306393116,0.0004301,6.344e-05
306393120,0.0004014,6.606e-05
306397188,0.0003894,6.832e-05
306397192,0.0004141,6.495e-05
306397196,0.0004453,6.296e-05
306397200,0.000471,6.401e-05
306397204,0.0004677,6.508e-05
306397208,0.000448,6.56e-05
306397212,0.0004196,6.658e-05
306397216,0.0003912,6.635e-05
306401300,0.0004829,6.751e-05
306401304,0.0004591,6.372e-05
306401308,0.0004299,6.407e-05
306401312,0.0004034,6.426e-05
306405396,0.0004696,6.278e-05
306405400,0.0004447,6.355e-05
306405404,0.0004171,6.307e-05
306405408,0.0003935,6.208e-05
306409492,0.0004805,6.255e-05
306409496,0.0004595,6.441e-05
306409500,0.0004293,6.48e-05
306409504,0.0004014,6.64e-05
306413588,0.0004664,6.425e-05
306413592,0.0004441,6.448e-05
306413596,0.0004177,6.426e-05
306413600,0.0003909,6.689e-05
306417668,0.0004011,6.584e-05
306417672,0.0004254,6.441e-05
306417676,0.0004563,6.508e-05
306417680,0.0004811,6.559e-05
306417684,0.0004824,6.639e-05
306417688,0.0004611,6.626e-05
306417692,0.0004311,6.618e-05
306417696,0.0004049,6.463e-05
306421764,0.0003893,6.535e-05
306421768,0.0004136,6.69e-05
306421772,0.0004463,6.613e-05
306421776,0.0004676,6.548e-05
306421780,0.0004682,6.628e-05
306421784,0.000447,6.703e-05
306421788,0.0004202,6.486e-05
306421792,0.0003926,6.596e-05
306425860,0.0003991,6.543e-05
306425864,0.0004238,6.629e-05
306425868,0.0004564,6.593e-05
306425872,0.0004802,6.625e-05
306425876,0.0004804,6.421e-05
306425880,0.0004612,6.435e-05
306425884,0.0004309,6.578e-05
306425888,0.0004032,6.413e-05
306429956,0.0003893,6.534e-05
306429960,0.000414,6.577e-05
306429964,0.0004447,6.369e-05
306429968,0.0004673,6.53e-05
306429972,0.0004679,6.469e-05
306429976,0.0004488,6.699e-05
306429980,0.0004174,6.347e-05
306429984,0.0003941,6.523e-05
306434052,0.0004003,6.582e-05
306434056,0.0004254,6.513e-05
306434060,0.0004568,6.451e-05
306434064,0.0004792,6.197e-05
306434068,0.0004816,6.53e-05
306434072,0.0004602,6.572e-05
306434076,0.0004305,6.554e-05
306434080,0.0004024,6.529e-05
306438148,0.0003911,6.691e-05
306438152,0.0004134,6.484e-05
306438156,0.0004438,6.277e-05
306438160,0.0004689,6.265e-05
306438164,0.0004691,6.597e-05
306438168,0.0004485,6.539e-05
306438172,0.0004202,6.437e-05
306438176,0.000393,6.439e-05
306442244,0.0003988,6.615e-05
306442248,0.0004279,6.458e-05
306442252,0.0004552,6.492e-05
306442256,0.0004824,6.713e-05
306442260,0.0004825,6.694e-05
306442264,0.0004602,6.695e-05
306442268,0.0004308,6.524e-05
306446340,0.0003872,6.903e-05
306446344,0.0004153,6.661e-05
306446348,0.0004433,6.495e-05
306446352,0.0004682,6.7e-05
306446356,0.0004694,6.591e-05
306446360,0.0004481,6.789e-05
306446364,0.0004194,6.764e-05
306446368,0.0003908,6.741e-05
344212484,0.002181,0.0004341
344216580,0.002191,0.0007606
344224772,0.002092,0.0003794
344228868,0.002094,0.0004024
344237060,0.002057,0.0005004
344238084,0.001057,0.0002438
344241156,0.00203,0.0005227
344249348,0.002034,0.0004908
344253444,0.00204,0.0004469
344261636,0.002123,0.0004065
344262660,0.002108,0.000404
344265732,0.00215,0.0006696
344273924,0.00206,0.0004347
344282116,0.002184,0.0004258
344283140,0.002178,0.0004438
344290308,0.0007838,0.0001598
344291332,0.0007766,0.0001661
344294404,0.0007756,0.0001924
344295428,0.0007794,0.0001485
344298500,0.00078,0.0001479
344299524,0.0007813,0.0001997
344302596,0.0007792,0.0001501
344303620,0.0007826,0.0002174
344306692,0.0007884,0.0001476
344307716,0.0007917,0.0001606
344310788,0.0007906,0.0001437
344311812,0.0007958,0.0001491
344314884,0.0007837,0.0001451
344315908,0.0007925,0.0001392
344318980,0.0007835,0.0001393
344320004,0.0007798,0.000143
344323076,0.0007731,0.0001346
344324100,0.0007817,0.0001317
344327172,0.000753,0.0001383
344331268,0.0007678,0.0001346
344335364,0.0007628,0.0001433
344339460,0.000762,0.0001404
344343556,0.0007594,0.0001371
344344580,0.0007657,0.0001398
344347652,0.0007546,0.0001368
344348676,0.0007597,0.000134
344351748,0.0007655,0.0001419
344352772,0.0007668,0.0001402
344355844,0.0007536,0.0001411
344356868,0.000761,0.0001375
344359940,0.0007434,0.0001407
344360964,0.0007561,0.0001448
344364036,0.0007451,0.0001359
344365060,0.0007456,0.0001358
344368132,0.0007473,0.0001412
344369156,0.00076,0.000144
344372228,0.0007252,0.0001416
344373252,0.0007559,0.0001469
344376324,0.0007525,0.0001443
344377348,0.0007659,0.0001408
344380420,0.0007618,0.0001406
344381444,0.0007693,0.0001407
344384516,0.0007657,0.0001442
344385540,0.0007742,0.0001455
344388612,0.0007644,0.0001513
344389636,0.0007657,0.0001714
344392708,0.0007714,0.0001623
344393732,0.0007777,0.0001616
344396804,0.0007624,0.000167
344397828,0.0007614,0.0003348
344400900,0.0007733,0.0001578
344401924,0.0007883,0.0001606
344404996,0.0007741,0.0001493
344406020,0.0007815,0.0001569
344409092,0.00075,0.0001436
344410116,0.0007885,0.0001413
344413188,0.0007887,0.0001425
344414212,0.0007952,0.0001477
344417284,0.0007825,0.0001498
344421380,0.0007961,0.0001471
344422404,0.0007873,0.0001533
344425476,0.0007728,0.0001826
344426500,0.0007969,0.0001471
344474628,0.002379,0.0004392
344478724,0.002326,0.0004946
344482820,0.00227,0.0004074
344486916,0.002265,0.000376
344491012,0.002162,0.0003987
344492036,0.002244,0.0005622
344496132,0.002243,0.0004241
344499204,0.002224,0.0004488
344500228,0.002186,0.0004505
344503300,0.002172,0.0004686
344511492,0.002201,0.0005178
344512516,0.00219,0.0004843
344519684,0.002479,0.01644
344520708,0.002236,0.0003884
344527876,0.01092,0.001128
344528900,0.002333,0.0004275
344540164,0.002195,0.0006887
344544260,0.002405,0.0004402
344552452,0.000857,0.0001573
344553476,0.0008566,0.0001518
344556548,0.0008633,0.0001448
344557572,0.0008592,0.0001556
344560644,0.0008526,0.00015
344561668,0.0008698,0.000147
344565764,0.0008591,0.000154
344568836,0.0008632,0.0001479
344569860,0.0008712,0.0001453
344577028,0.0008454,0.0002004
344578052,0.0008589,0.0001378
344581124,0.0008413,0.0001466
344582148,0.0008531,0.0001848
344585220,0.0008454,0.0001315
344586244,0.0008216,0.0001269
344589316,0.0008407,0.0001286
344590340,0.0008506,0.0001316
344594436,0.0008521,0.0001278
344597508,0.0008457,0.0001347
344598532,0.0008517,0.0001337
344601604,0.0008439,0.0001354
344602628,0.0008514,0.0001315
344605700,0.0008478,0.000132
344606724,0.0008473,0.0001304
344609796,0.0008322,0.0001321
344610820,0.0008381,0.0001335
344613892,0.0008386,0.0001367
344614916,0.0008419,0.000138
344617988,0.0008394,0.0001357
344619012,0.0008426,0.0001326
344622084,0.0008245,0.0001386
344623108,0.0008392,0.0001409
344626180,0.0008183,0.0001832
344627204,0.0008329,0.0001356
344630276,0.00082,0.0001538
344631300,0.0008364,0.0001424
344634372,0.0008304,0.0001417
344635396,0.0008344,0.0001399
344638468,0.0008362,0.0001417
344639492,0.0008415,0.0001391
344642564,0.0008411,0.0001405
344643588,0.0008506,0.0001396
344646660,0.0008459,0.0001412
344647684,0.0008514,0.0001492
344650756,0.0008473,0.0001513
344651780,0.0008544,0.0001534
344654852,0.000857,0.000161
344655876,0.0008469,0.0001612
344658948,0.0008298,0.0001593
344659972,0.0008615,0.001735
344663044,0.0008642,0.0001548
344667140,0.0008642,0.0001439
344671236,0.0008512,0.0001406
344672260,0.001084,0.01186
344675332,0.0008704,0.0001356
344676356,0.0008627,0.000174
344679428,0.000868,0.0001401
344680452,0.0008596,0.0001597
344683524,0.0008604,0.0001452
344684548,0.0008809,0.0001446
344687620,0.0008808,0.0001467
344688644,0.0008839,0.0001425
344732676,0.002461,0.0007918
344737796,0.002476,0.001004
344749060,0.002357,0.0003661
344750084,0.002399,0.0003798
344753156,0.002356,0.0003812
344754180,0.002371,0.0003961
344757252,0.002353,0.0004273
344762372,0.002306,0.0004505
344765444,0.002208,0.0005028
344773636,0.002275,0.0004873
344774660,0.002272,0.000477
344777732,0.002233,0.0005343
344778756,0.002271,0.000409
344785924,0.002299,0.0004994
344790020,0.00237,0.0004111
344806404,0.002468,0.0004168
344807428,0.002783,0.01279
344814596,0.0009394,0.000149
344818692,0.0009369,0.0001448
344819716,0.0009259,0.0001721
344822788,0.0009299,0.0001475
344823812,0.0009259,0.000148
344826884,0.0009253,0.0001493
344830980,0.0009336,0.0001461
344832004,0.0009275,0.0001933
344835076,0.0009245,0.0001391
344836100,0.0009367,0.0008578
344839172,0.0009105,0.0001415
344840196,0.000887,0.0001651
344843268,0.0009132,0.0001626
344844292,0.0009059,0.0002891
344847364,0.0009176,0.0001376
344848388,0.0004534,7.78e-05
344851460,0.0009055,0.0001247
344852484,0.0009036,0.0002511
344855556,0.0009163,0.00013
344856580,0.0009158,0.0001281
344859652,0.0009075,0.000133
344860676,0.0009125,0.0001298
344863748,0.0009098,0.0001322
344864772,0.0009108,0.0001301
344867844,0.0009059,0.0001304
344868868,0.0009052,0.0001279
344871940,0.0008964,0.0001353
344872964,0.0009012,0.0001311
344876036,0.0008999,0.0001354
344877060,0.0009018,0.0001362
344880132,0.0009012,0.0001324
344881156,0.0009089,0.0001307
344884228,0.0008797,0.0001397
344885252,0.0008936,0.0001608
344888324,0.0008935,0.0001572
344889348,0.0008934,0.0001369
344892420,0.0008898,0.0001327
344893444,0.0008973,0.0001361
344896516,0.0008981,0.0001382
344897540,0.0008994,0.0001383
344900612,0.0009018,0.0001336
344901636,0.000906,0.0001365
344904708,0.0009064,0.0001346
344905732,0.0009091,0.0001486
344908804,0.0009078,0.0001367
344909828,0.0009127,0.0001398
344912900,0.0009193,0.0001461
344913924,0.0009208,0.0001516
344916996,0.0009229,0.0001593
344918020,0.0009249,0.0001599
344921092,0.0009021,0.0001894
344922116,0.0009251,0.0001572
344925188,0.0009149,0.00015
344926212,0.0009262,0.0001472
344929284,0.00092,0.0001406
344930308,0.0009288,0.0001396
344933380,0.0009255,0.0001363
344934404,0.000943,0.002864
344937476,0.0009301,0.0001343
344938500,0.0009325,0.0002766
344941572,0.000931,0.000136
344942596,0.0009306,0.0001429
344945668,0.000931,0.0001408
344946692,0.0009673,0.004877
344949764,0.000933,0.0001471
352588804,0.00219,0.0005686
352601092,0.002251,0.0004483
352605188,0.002201,0.0004091
352609284,0.00221,0.0003792
352610308,0.002173,0.0004061
352617476,0.002021,0.0005087
352618500,0.002035,0.0004711
352621572,0.002051,0.0004419
352625668,0.002033,0.0007003
352654340,0.002113,0.0004042
352655364,0.002132,0.0004601
352662532,0.002109,0.000411
352666628,0.002196,0.000387
352670724,0.002115,0.000416
352678916,0.0007726,0.0001525
352679940,0.0007904,0.0001501
352683012,0.0007809,0.000143
352684036,0.0007859,0.0001437
352687108,0.0007846,0.0001465
352688132,0.000783,0.0001494
352691204,0.0007876,0.0001475
352692228,0.0007957,0.0001479
352695300,0.0007778,0.0001647
352696324,0.0007917,0.0001442
352700420,0.0007894,0.0001419
352703492,0.0007565,0.0009116
352708612,0.0008525,0.00985
352712708,0.0007773,0.001097
352715780,0.0007357,0.0003598
352716804,0.0007407,0.0003045
352719876,0.0007467,0.0002537
352720900,0.0007626,0.0001329
352723972,0.0007577,0.000133
352724996,0.0007664,0.0001372
352728068,0.0007545,0.0001596
352732164,0.0007458,0.000145
352733188,0.0007639,0.0001321
352736260,0.0007207,0.0001345
352737284,0.0007442,0.0001386
352740356,0.0007506,0.0001374
352744452,0.0007426,0.0001571
352745476,0.0007364,0.0001977
352748548,0.0007259,0.0001366
352749572,0.0007456,0.0001395
352752644,0.0007346,0.000136
352753668,0.0007429,0.0001341
352757764,0.0007591,0.000139
352760836,0.0007472,0.000139
352761860,0.0007543,0.0001393
352764932,0.0007553,0.0001388
352765956,0.0007582,0.0001346
352769028,0.0007578,0.0001388
352770052,0.0007393,0.0003072
352774148,0.0007689,0.0001486
352777220,0.0007599,0.0002485
352778244,0.0007718,0.0001513
352781316,0.0007558,0.0002116
352782340,0.0007544,0.0001562
352786436,0.0007666,0.0001598
352790532,0.0007669,0.0001568
352793604,0.0007708,0.0001457
352794628,0.000774,0.00014
352797700,0.0007668,0.0001378
352798724,0.0007802,0.0001354
352801796,0.0007683,0.0001374
352802820,0.0007886,0.0001388
352805892,0.0007712,0.00014
352806916,0.0007597,0.0001559
352809988,0.0007885,0.000146
352811012,0.0007924,0.0001456
352814084,0.0007887,0.0001417
352815108,0.0007917,0.0002026
352863236,0.002394,0.0004264
352867332,0.002352,0.0005018
352875524,0.001911,0.001437
352880644,0.00224,0.0004666
352883716,0.002115,0.0003915
352891908,0.002086,0.0004398
352896004,0.002112,0.0005033
352897028,0.00213,0.0005046
352900100,0.002137,0.000542
352904196,0.002161,0.0004213
352905220,0.002166,0.0003863
352916484,0.002277,0.0003934
352920580,0.002142,0.0004346
352924676,0.002213,0.0004824
352928772,0.002366,0.0003737
352929796,0.002347,0.0004643
352933892,0.002316,0.0004703
352942084,0.000872,0.0003117
352946180,0.0008624,0.0001421
352950276,0.0008432,0.000174
352954372,0.0008693,0.0001411
352957444,0.0008989,0.004425
352958468,0.0008623,0.000167
352962564,0.0008635,0.0001732
352965636,0.0008465,0.0002419
352966660,0.0008623,0.0001325
352969732,0.0008229,0.0001414
352970756,0.0008621,0.0001247
352973828,0.0008385,0.0001302
352974852,0.0008531,0.0001241
352977924,0.0008211,0.0001255
352978948,0.0008351,0.0001349
352982020,0.0008305,0.0001303
352983044,0.0008314,0.0001275
352986116,0.0008551,0.004424
352990212,0.0008198,0.0001341
352991236,0.000813,0.0001328
352994308,0.0008177,0.0002151
352995332,0.000832,0.0001296
352998404,0.0008048,0.0001433
352999428,0.0008245,0.0001309
353002500,0.0009398,0.00706
353003524,0.0008236,0.0001313
353006596,0.00081,0.0001345
353007620,0.0008169,0.0001311
353010692,0.0008083,0.0001336
353011716,0.0008308,0.0001356
353014788,0.0008044,0.0001561
353015812,0.0008154,0.0001497
353018884,0.000817,0.0001345
353019908,0.0008229,0.0001328
353022980,0.0008083,0.0001395
353024004,0.0008138,0.0002794
353027076,0.0008217,0.000142
353028100,0.000813,0.00013
353032196,0.0008031,0.0001358
353035268,0.0008261,0.000142
353036292,0.0008215,0.0002575
353039364,0.0008461,0.0001404
353040388,0.0008532,0.0001513
353043460,0.000843,0.001656
353044484,0.0008566,0.0001536
353047556,0.0008273,0.0001551
353048580,0.0008184,0.0002342
353051652,0.0008497,0.0001464
353052676,0.000845,0.0001457
353055748,0.0008504,0.000145
353056772,0.0008609,0.0001388
353059844,0.0008427,0.0001951
353060868,0.0008544,0.0002235
353064964,0.000876,0.0001346
353069060,0.0008602,0.0001343
353072132,0.0008646,0.0001414
353073156,0.0008754,0.000137
353077252,0.0008744,0.0001359
353121284,0.002408,0.0004732
353122308,0.002461,0.001652
353126404,0.002454,0.003611
353129476,0.002425,0.000433
353133572,0.002453,0.0005138
353137668,0.002083,0.0003063
353141764,0.002296,0.0003821
353145860,0.002353,0.0003808
353146884,0.002346,0.000398
353162244,0.002223,0.000571
353166340,0.002243,0.0004139
353179652,0.002318,0.0003974
353182724,0.002322,0.000383
353186820,0.002379,0.0003615
353190916,0.002575,0.01573
353196036,0.002453,0.0004429
353200132,0.002474,0.0004703
353204228,0.0009374,0.000139
353207300,0.000941,0.0001368
353212420,0.000935,0.0001798
353216516,0.0009375,0.000139
353219588,0.0009301,0.0001427
353220612,0.0009297,0.0002849
353223684,0.0009324,0.0001336
353224708,0.0009387,0.0001347
353227780,0.0009296,0.0001341
353228804,0.000932,0.0001295
353231876,0.0009287,0.0001243
353232900,0.0009322,0.0001253
353235972,0.0009092,0.0001288
353240068,0.0009013,0.0001326
353241092,0.0009035,0.0001296
353245188,0.0008854,0.0001463
353249284,0.0008973,0.0002761
353252356,0.0009048,0.00121
353253380,0.0008798,0.0001567
353256452,0.0008705,0.0001436
353257476,0.0008777,0.0004149
353260548,0.0008586,0.0001293
353261572,0.0009111,0.002704
353264644,0.0008778,0.0001316
353265668,0.0008859,0.000126
353268740,0.0008631,0.001642
353269764,0.0008673,0.0001292
353272836,0.0008744,0.0001365
353273860,0.0008914,0.0001305
353276932,0.0008791,0.0001281
353277956,0.0008803,0.0001271
353281028,0.0008803,0.0001272
353282052,0.0008833,0.0001269
353285124,0.0008802,0.0001337
353286148,0.0008779,0.0001326
353289220,0.0008573,0.0001332
353290244,0.0008788,0.0001307
353293316,0.0008714,0.0001928
353297412,0.0008806,0.0001352
353298436,0.0009014,0.0001325
353301508,0.0008947,0.0001381
353302532,0.0009124,0.0001442
353305604,0.0008965,0.0003061
353306628,0.0009141,0.0006677
353310724,0.0009114,0.0001873
353314820,0.0009194,0.000143
353318916,0.0009125,0.0001363
353323012,0.0009169,0.0001349
353327108,0.0009292,0.0001331
353331204,0.0009335,0.0001348
353335300,0.0009335,0.000133
353338372,0.0009724,0.003372
353339396,0.000933,0.0002107
